___ORIGINAL___
01,05,-3,02,
-3,02,07,08,
09,10,11,12,
13,14,15,16,
___0,0___
02,07,08,
10,11,12,
14,15,16,
___0,1___
-3,07,08,
09,11,12,
13,15,16,
___0,2___
-3,02,08,
09,10,12,
13,14,16,
___0,3___
-3,02,07,
09,10,11,
13,14,15,
___1,0___
05,-3,02,
10,11,12,
14,15,16,
___1,1___
01,-3,02,
09,11,12,
13,15,16,
___1,2___
01,05,02,
09,10,12,
13,14,16,
___1,3___
01,05,-3,
09,10,11,
13,14,15,
___2,0___
05,-3,02,
02,07,08,
14,15,16,
___2,1___
01,-3,02,
-3,07,08,
13,15,16,
___2,2___
01,05,02,
-3,02,08,
13,14,16,
___2,3___
01,05,-3,
-3,02,07,
13,14,15,
___3,0___
05,-3,02,
02,07,08,
10,11,12,
___3,1___
01,-3,02,
-3,07,08,
09,11,12,
___3,2___
01,05,02,
-3,02,08,
09,10,12,
___3,3___
01,05,-3,
-3,02,07,
09,10,11,
